parametros <- c(0.0278, 0.0414, 0.0630)
esperanca <- 1/parametros
variancia <- 1/parametros**2
